****************************************
Minimizer is Minuit2 / Migrad
Chi2                      =      11.8203
NDf                       =            6
Edm                       =  1.87518e-06
NCalls                    =          130
p0                        =   1.8618e+06   +/-   42599.9     
p1                        =      1.72735   +/-   0.00193546  
